7 7 7 7 7 8 7 7 7 7 7 7 7 7 7 7 7 7 7 7 7 7 7 7 7 7 7 7 7 7
7 7 7 7 7 7 2 0 0 4 2 0 5 0 0 0 0 0 7 7 7 7 7 7 7 7 7 7 7 7
7 7 0 6 0 0 10 7 7 7 7 7 7 7 7 7 7 7 7 0 0 2 3 0 0 0 0 8 8 7
7 7 0 7 7 7 0 7 7 7 7 7 7 7 7 7 7 7 7 0 7 7 7 7 7 7 0 7 8 7
7 7 0 7 7 7 0 0 0 0 0 0 5 0 0 2 0 0 10 5 7 7 7 7 7 7 0 7 8 7
7 7 0 0 0 4 7 7 8 7 7 0 7 7 7 7 7 7 7 0 7 7 7 7 7 7 0 0 8 7
7 7 7 7 7 0 7 7 8 7 7 0 8 8 8 7 7 7 7 0 7 7 7 7 7 7 7 7 0 7
7 7 7 7 7 2 8 4 8 7 7 0 7 7 0 7 7 7 7 0 7 0 0 0 2 0 0 7 0 7
7 7 0 0 0 0 7 7 7 7 7 0 7 7 0 7 7 7 7 0 7 0 7 7 7 7 0 7 0 7
0 0 0 7 7 8 7 7 0 0 0 0 0 0 0 0 6 7 7 0 7 0 7 7 0 0 0 7 0 7
0 7 7 7 7 8 7 7 7 7 7 7 7 7 7 7 0 7 7 0 7 0 7 7 0 7 7 7 0 7
0 0 0 0 0 0 1 0 2 0 0 0 0 0 0 10 0 7 7 0 0 0 7 7 0 0 0 0 0 9
7 7 7 7 7 7 0 7 7 7 7 7 7 7 7 7 7 7 7 7 7 7 7 7 0 7 7 7 7 7
7 7 7 7 7 7 0 0 0 0 0 0 0 0 0 3 0 0 0 0 0 0 0 0 0 2 0 0 0 7
7 0 7 7 7 7 0 7 0 7 8 7 7 7 7 7 7 7 7 7 7 7 7 7 7 0 7 7 7 7
7 0 7 7 7 7 0 7 0 7 8 7 7 7 7 7 7 7 7 7 7 7 7 7 7 0 7 7 7 7
7 0 7 7 7 7 0 7 0 7 8 7 7 7 7 7 7 7 7 7 7 7 7 7 7 0 7 7 7 7
7 0 0 0 0 7 4 8 0 8 8 7 7 7 7 7 7 7 7 7 7 7 7 7 7 0 7 7 7 7
7 0 7 7 0 7 0 7 0 7 7 7 0 0 0 0 5 0 0 10 0 4 0 2 0 10 7 7 7 7
7 0 7 7 0 7 0 7 0 7 7 7 0 7 7 7 7 7 7 7 7 7 7 7 7 0 7 7 7 7
7 0 7 7 0 0 0 7 0 8 8 8 0 7 7 7 7 7 7 7 7 7 7 7 7 0 7 7 7 7
7 0 7 7 7 7 7 7 0 7 7 7 0 7 7 7 0 0 0 0 0 7 7 7 7 0 7 7 7 7
7 0 0 0 3 0 2 0 0 7 7 7 0 7 7 7 0 7 7 7 0 7 7 7 7 0 7 7 7 7
7 7 0 7 7 7 7 7 7 7 7 7 0 0 0 0 0 7 7 7 0 0 0 0 7 0 7 7 7 7
7 7 0 7 7 7 7 7 7 7 7 7 7 7 7 7 0 7 7 7 0 7 7 4 7 0 7 7 7 7
7 7 0 7 7 7 7 7 7 6 0 8 0 0 0 0 0 7 7 7 0 7 7 0 7 0 7 7 7 7
7 7 5 7 7 7 7 7 7 7 7 7 7 7 7 7 7 7 7 7 0 7 7 0 0 10 7 7 7 7
7 7 0 0 0 0 0 0 0 0 0 0 0 0 0 0 0 0 0 0 0 7 7 7 7 7 7 7 7 7
7 7 7 7 7 7 7 7 7 7 7 7 7 7 7 7 7 7 7 7 7 7 7 7 7 7 7 7 7 7
7 7 7 7 7 7 7 7 7 7 7 7 7 7 7 7 7 7 7 7 7 7 7 7 7 7 7 7 7 7
100
20
7